1111111211
2020120110
1011100100
0021110110
1111011200
1010000200
2021020201
0011121210
0120020101
0020110200
0020110200
2020021100
1121020110
2121120210
0021110110
2011000210
0110100110
0111100200
0020111201
1011020101
2011121210
2010100200
0020011111
0120010211
0020100100
1111000111
1120111111
2110021210
1121121200
2010111111
1120101100
1010021111
0020000201
2010000210
0121011210
0011110201
1111000201
1120110210
0120121210
2110020200
2020010111
0121101110
1110120111
0120021101
0121001110
1110001201
0020021110
1120111211
2020001100
2010020210
0110011101
0121000200
1010010211
1111021111
1011110210
1111011201
1011121101
0020100201
1010021211
1120121101
0010021210
0120011201
1111021211
1120120101
0020020100
0011000211
2120010201
2121101100
0020110111
0011001210
0020101111
0020020110
1121001211
1011010101
2121001110
1011000210
0111011211
1021101200
1020001210
2120000201
2021010100
1120001111
0110101211
1111011111
0120111111
1020020100
2010001211
1120021111
0010101111
0111000100
2021110101
1020001100
1021100210
2120020101
2120021211
0020000201
0120101101
2021021200
0120110110
0120111111
